"weatherFile_TEST" 2022 1 1 1 6.3 12.5 2.32 -999.9 11.4 4.19 -999.9 412
"weatherFile_TEST" 2022 1 2 2 6 11 2.03 -999.9 2.3 0.93 -999.9 412
"weatherFile_TEST" 2022 1 3 3 3.3 12 3.35 -999.9 0.1 1.38 -999.9 412
"weatherFile_TEST" 2022 1 4 4 6 17 5.5 -999.9 0 3.3 -999.9 412
"weatherFile_TEST" 2022 1 5 5 3 15 5.96 -999.9 0 1.14 -999.9 412
"weatherFile_TEST" 2022 1 6 6 1.9 12 5.37 -999.9 0 0.48 -999.9 412
"weatherFile_TEST" 2022 1 7 7 4 13 3.73 -999.9 0.1 0.54 -999.9 412
"weatherFile_TEST" 2022 1 8 8 4.8 12 3.61 -999.9 0.4 1.34 -999.9 412
"weatherFile_TEST" 2022 1 9 9 1.6 10.5 5.64 -999.9 0 3.02 -999.9 412
"weatherFile_TEST" 2022 1 10 10 2.5 5.4 0.77 -999.9 38.9 3.39 -999.9 412
"weatherFile_TEST" 2022 1 11 11 0.5 4 2.76 -999.9 5 2.02 -999.9 412
"weatherFile_TEST" 2022 1 12 12 -1.1 4 6.08 -999.9 0 3.09 -999.9 412
"weatherFile_TEST" 2022 1 13 13 -1.2 7 5.85 -999.9 1.9 3.17 -999.9 412
"weatherFile_TEST" 2022 1 14 14 1.1 11 4.49 -999.9 0.3 3.58 -999.9 412
"weatherFile_TEST" 2022 1 15 15 1.7 12.5 6.59 -999.9 0 2.07 -999.9 412
"weatherFile_TEST" 2022 1 16 16 2.5 13 3.3 -999.9 0.9 2.52 -999.9 412
"weatherFile_TEST" 2022 1 17 17 10 12 1.01 -999.9 22 6.99 -999.9 412
"weatherFile_TEST" 2022 1 18 18 7 10 1.65 -999.9 7.5 3.09 -999.9 412
"weatherFile_TEST" 2022 1 19 19 2.3 12.4 6.63 -999.9 0 1.91 -999.9 412
"weatherFile_TEST" 2022 1 20 20 0.6 13.4 6.78 -999.9 0 0.76 -999.9 412
"weatherFile_TEST" 2022 1 21 21 0 12.1 6.03 -999.9 0 0.64 -999.9 412
"weatherFile_TEST" 2022 1 22 22 0.7 13 6.23 -999.9 0 0.43 -999.9 412
"weatherFile_TEST" 2022 1 23 23 0.2 11.1 6.65 -999.9 0 0.5 -999.9 412
"weatherFile_TEST" 2022 1 24 24 1.6 12.7 5.66 -999.9 0 0.83 -999.9 412
"weatherFile_TEST" 2022 1 25 25 -2.2 15.4 7.37 -999.9 0 1.54 -999.9 412
"weatherFile_TEST" 2022 1 26 26 1.7 10.5 5.3 -999.9 0.8 1.97 -999.9 412
"weatherFile_TEST" 2022 1 27 27 2.7 9 5.65 -999.9 1.1 4.6 -999.9 412
"weatherFile_TEST" 2022 1 28 28 3 10.3 4.15 -999.9 2.8 2.86 -999.9 412
"weatherFile_TEST" 2022 1 29 29 3 10 7.07 -999.9 0.2 9.07 -999.9 412
"weatherFile_TEST" 2022 1 30 30 -0.5 4.3 8.25 -999.9 0 13.14 -999.9 412
"weatherFile_TEST" 2022 1 31 31 -2.3 3 8.34 -999.9 0 10.18 -999.9 412
"weatherFile_TEST" 2022 2 1 32 0 11.1 7.6 -999.9 0 2.93 -999.9 412
"weatherFile_TEST" 2022 2 2 33 -3.9 12.4 7.98 -999.9 0 1.01 -999.9 412
"weatherFile_TEST" 2022 2 3 34 -1.9 13.2 7.57 -999.9 0 3.98 -999.9 412
"weatherFile_TEST" 2022 2 4 35 6.9 11.5 6.69 -999.9 0 8.28 -999.9 412
"weatherFile_TEST" 2022 2 5 36 8.8 11.9 5.06 -999.9 0 11.28 -999.9 412
"weatherFile_TEST" 2022 2 6 37 5.8 12.2 8.08 -999.9 0 12.93 -999.9 412
"weatherFile_TEST" 2022 2 7 38 1.6 14.6 7.68 -999.9 0 3.95 -999.9 412
"weatherFile_TEST" 2022 2 8 39 -1.4 13.3 7.77 -999.9 0 1.32 -999.9 412
"weatherFile_TEST" 2022 2 9 40 5.4 12.2 2.42 -999.9 0.7 2.4 -999.9 412
"weatherFile_TEST" 2022 2 10 41 3.2 13.1 8.31 -999.9 0.2 2.7 -999.9 412
"weatherFile_TEST" 2022 2 11 42 1.5 12.5 6.54 -999.9 0 0.82 -999.9 412
"weatherFile_TEST" 2022 2 12 43 3.2 15 7.03 -999.9 0.1 1.04 -999.9 412
"weatherFile_TEST" 2022 2 13 44 5 11.5 1.36 -999.9 22.7 3.4 -999.9 412
"weatherFile_TEST" 2022 2 14 45 4.3 10.7 8.05 -999.9 0 7.33 -999.9 412
"weatherFile_TEST" 2022 2 15 46 0.2 13.5 8.35 -999.9 0.2 1.19 -999.9 412
"weatherFile_TEST" 2022 2 16 47 4.9 11.6 7.78 -999.9 0 5.75 -999.9 412
"weatherFile_TEST" 2022 2 17 48 1.9 8 9.88 -999.9 0 8.63 -999.9 412
"weatherFile_TEST" 2022 2 18 49 0.1 4.9 9.52 -999.9 0 10.14 -999.9 412
"weatherFile_TEST" 2022 2 19 50 -1.8 7.1 10.24 -999.9 0 4.75 -999.9 412
"weatherFile_TEST" 2022 2 20 51 -2.4 6.6 10.29 -999.9 0 6.29 -999.9 412
"weatherFile_TEST" 2022 2 21 52 -0.9 7 9.59 -999.9 0 6.02 -999.9 412
"weatherFile_TEST" 2022 2 22 53 0.3 10.7 10.21 -999.9 0 5.82 -999.9 412
"weatherFile_TEST" 2022 2 23 54 1.2 14.6 10.14 -999.9 0 4.72 -999.9 412
"weatherFile_TEST" 2022 2 24 55 -0.8 13.7 9.86 -999.9 0 1.41 -999.9 412
"weatherFile_TEST" 2022 2 25 56 6.1 12 2.77 -999.9 3.4 1.58 -999.9 412
"weatherFile_TEST" 2022 2 26 57 4.8 11.9 4.29 -999.9 2.7 2.4 -999.9 412
"weatherFile_TEST" 2022 2 27 58 3.3 12.9 7.93 -999.9 2.1 1.41 -999.9 412
"weatherFile_TEST" 2022 2 28 59 2.5 16.8 10.83 -999.9 0 1.14 -999.9 412
"weatherFile_TEST" 2022 3 1 60 1.2 17.4 11.39 -999.9 0 0.95 -999.9 412
"weatherFile_TEST" 2022 3 2 61 2.7 15 11.13 -999.9 0 1.8 -999.9 412
"weatherFile_TEST" 2022 3 3 62 4.3 13.3 7.16 -999.9 0 1.06 -999.9 412
"weatherFile_TEST" 2022 3 4 63 5.4 18 11.89 -999.9 0 4.08 -999.9 412
"weatherFile_TEST" 2022 3 5 64 2.5 18.6 12.01 -999.9 0 1.06 -999.9 412
"weatherFile_TEST" 2022 3 6 65 8.4 10.1 1.95 -999.9 14.6 1.69 -999.9 412
"weatherFile_TEST" 2022 3 7 66 8.5 13.8 8.88 -999.9 0.5 7.07 -999.9 412
"weatherFile_TEST" 2022 3 8 67 6.4 18.8 12.24 -999.9 0 4.07 -999.9 412
"weatherFile_TEST" 2022 3 9 68 5.1 16.6 8.27 -999.9 1.9 1.76 -999.9 412
"weatherFile_TEST" 2022 3 10 69 5.7 15.8 7.46 -999.9 1.9 2.23 -999.9 412
"weatherFile_TEST" 2022 3 11 70 3.8 15.8 10.49 -999.9 0.4 1.68 -999.9 412
"weatherFile_TEST" 2022 3 12 71 5.5 14.6 12.23 -999.9 0 6.15 -999.9 412
"weatherFile_TEST" 2022 3 13 72 3.9 15.3 13.11 -999.9 0 5.49 -999.9 412
"weatherFile_TEST" 2022 3 14 73 4.3 15.1 8.38 -999.9 0 1.3 -999.9 412
"weatherFile_TEST" 2022 3 15 74 7 16.3 8.24 -999.9 0.2 5.13 -999.9 412
"weatherFile_TEST" 2022 3 16 75 9.5 17.9 9.65 -999.9 0 6.77 -999.9 412
"weatherFile_TEST" 2022 3 17 76 8.3 16.2 12.66 -999.9 0 11.42 -999.9 412
"weatherFile_TEST" 2022 3 18 77 5.8 19.2 13.71 -999.9 0 5.72 -999.9 412
"weatherFile_TEST" 2022 3 19 78 3.1 17.1 11.48 -999.9 0 1.33 -999.9 412
"weatherFile_TEST" 2022 3 20 79 5.2 19.5 12.5 -999.9 0 6 -999.9 412
"weatherFile_TEST" 2022 3 21 80 9.4 18.9 12.79 -999.9 0 8.45 -999.9 412
"weatherFile_TEST" 2022 3 22 81 11 22.9 13.56 -999.9 0 7.98 -999.9 412
"weatherFile_TEST" 2022 3 23 82 8.7 19.8 13.44 -999.9 0 5.74 -999.9 412
"weatherFile_TEST" 2022 3 24 83 5.3 16.2 6.47 -999.9 3.7 3.39 -999.9 412
"weatherFile_TEST" 2022 3 25 84 3.3 10.3 15.5 -999.9 0.6 5.07 -999.9 412
"weatherFile_TEST" 2022 3 26 85 2 10.9 16.13 -999.9 0.2 5.7 -999.9 412
"weatherFile_TEST" 2022 3 27 86 2.7 10.1 9.92 -999.9 3.7 3.29 -999.9 412
"weatherFile_TEST" 2022 3 28 87 4.4 9.1 14.15 -999.9 1 9.01 -999.9 412
"weatherFile_TEST" 2022 3 29 88 5.9 9.7 15.49 -999.9 0 9.77 -999.9 412
"weatherFile_TEST" 2022 3 30 89 5 15.1 13.9 -999.9 0 5.1 -999.9 412
"weatherFile_TEST" 2022 3 31 90 2.8 14.9 14.16 -999.9 2.2 5.59 -999.9 412
"weatherFile_TEST" 2022 4 1 91 6.9 21.2 17.12 -999.9 0 3.31 -999.9 412
"weatherFile_TEST" 2022 4 2 92 7.8 20 17.25 -999.9 0 3.6 -999.9 412
"weatherFile_TEST" 2022 4 3 93 6 19.6 13.46 -999.9 0 2.55 -999.9 412
"weatherFile_TEST" 2022 4 4 94 3.4 19.1 13.95 -999.9 0.1 2.05 -999.9 412
"weatherFile_TEST" 2022 4 5 95 4.2 20.6 17 -999.9 0 1.73 -999.9 412
"weatherFile_TEST" 2022 4 6 96 5.3 19.7 14.88 -999.9 0 2.65 -999.9 412
"weatherFile_TEST" 2022 4 7 97 8.8 16.6 9.33 -999.9 0.2 3.69 -999.9 412
"weatherFile_TEST" 2022 4 8 98 7.7 15.9 10.1 -999.9 9.9 3.35 -999.9 412
"weatherFile_TEST" 2022 4 9 99 4.7 8.2 13.82 -999.9 0.9 13.36 -999.9 412
"weatherFile_TEST" 2022 4 10 100 5 13.3 17.65 -999.9 0.1 16.27 -999.9 412
"weatherFile_TEST" 2022 4 11 101 8.1 15.5 16.57 -999.9 0 13.45 -999.9 412
"weatherFile_TEST" 2022 4 12 102 8.8 17.4 17.24 -999.9 0 9.29 -999.9 412
"weatherFile_TEST" 2022 4 13 103 8.6 19.7 13.02 -999.9 0 6.12 -999.9 412
"weatherFile_TEST" 2022 4 14 104 4.6 20.9 19.52 -999.9 0 2.87 -999.9 412
"weatherFile_TEST" 2022 4 15 105 5.1 13.8 3.86 -999.9 42.7 4.85 -999.9 412
"weatherFile_TEST" 2022 4 16 106 3.4 7.7 5.87 -999.9 28.2 3.06 -999.9 412
"weatherFile_TEST" 2022 4 17 107 4.5 9 9.12 -999.9 8.7 4.72 -999.9 412
"weatherFile_TEST" 2022 4 18 108 5.6 19.3 10.58 -999.9 2.3 4.05 -999.9 412
"weatherFile_TEST" 2022 4 19 109 7.2 17.3 18.03 -999.9 2.1 4.24 -999.9 412
"weatherFile_TEST" 2022 4 20 110 4.6 15.5 18.75 -999.9 0.3 5.78 -999.9 412
"weatherFile_TEST" 2022 4 21 111 9.1 17.7 19.62 -999.9 0 9.97 -999.9 412
"weatherFile_TEST" 2022 4 22 112 6.2 20.3 18.56 -999.9 0 3.29 -999.9 412
"weatherFile_TEST" 2022 4 23 113 10.7 16.5 9.15 -999.9 1.6 2.51 -999.9 412
"weatherFile_TEST" 2022 4 24 114 9.9 16.4 9.62 -999.9 10.3 2.04 -999.9 412
"weatherFile_TEST" 2022 4 25 115 7.9 19.9 16.91 -999.9 7.1 2.06 -999.9 412
"weatherFile_TEST" 2022 4 26 116 6.5 23.9 21.23 -999.9 0 2.87 -999.9 412
"weatherFile_TEST" 2022 4 27 117 7.5 24.9 21.08 -999.9 0 1.59 -999.9 412
"weatherFile_TEST" 2022 4 28 118 11.2 28.3 20.82 -999.9 0 1.69 -999.9 412
"weatherFile_TEST" 2022 4 29 119 10.8 30.5 21.49 -999.9 0 3.04 -999.9 412
"weatherFile_TEST" 2022 4 30 120 11.1 26.8 21.78 -999.9 0 2.06 -999.9 412
"weatherFile_TEST" 2022 5 1 121 10.4 23 20.75 -999.9 0 2.92 -999.9 412
"weatherFile_TEST" 2022 5 2 122 13 22 10.37 -999.9 2.1 1.06 -999.9 412
"weatherFile_TEST" 2022 5 3 123 12 24 14.71 -999.9 0.3 1.4 -999.9 412
"weatherFile_TEST" 2022 5 4 124 12 25 13.18 -999.9 2.2 2.63 -999.9 412
"weatherFile_TEST" 2022 5 5 125 16.3 24 8.74 -999.9 5.4 1.79 -999.9 412
"weatherFile_TEST" 2022 5 6 126 13.7 23 16.37 -999.9 0.8 5.12 -999.9 412
"weatherFile_TEST" 2022 5 7 127 7.8 17.7 15.03 -999.9 3 0.18 -999.9 412
"weatherFile_TEST" 2022 5 8 128 5.9 17.8 19.99 -999.9 0.5 4.45 -999.9 412
"weatherFile_TEST" 2022 5 9 129 10 17 21.69 -999.9 0 8.04 -999.9 412
"weatherFile_TEST" 2022 5 10 130 10.3 24 24.33 -999.9 0 2.68 -999.9 412
"weatherFile_TEST" 2022 5 11 131 12 18 15.26 -999.9 0.5 7.44 -999.9 412
"weatherFile_TEST" 2022 5 12 132 10.7 20 23.79 -999.9 0 7.62 -999.9 412
"weatherFile_TEST" 2022 5 13 133 9 23 23.62 -999.9 0 1.91 -999.9 412
"weatherFile_TEST" 2022 5 14 134 8.2 22 23.57 -999.9 0 1.84 -999.9 412
"weatherFile_TEST" 2022 5 15 135 8.3 21 23.93 -999.9 0 0.53 -999.9 412
"weatherFile_TEST" 2022 5 16 136 10 22 23.62 -999.9 0 1.08 -999.9 412
"weatherFile_TEST" 2022 5 17 137 13.7 20 7.28 -999.9 0.1 2.86 -999.9 412
"weatherFile_TEST" 2022 5 18 138 11 22 11.37 -999.9 0.5 2.26 -999.9 412
"weatherFile_TEST" 2022 5 19 139 12 16 6.7 -999.9 17.7 0.7 -999.9 412
"weatherFile_TEST" 2022 5 20 140 12.5 22 9.88 -999.9 0.2 6.58 -999.9 412
"weatherFile_TEST" 2022 5 21 141 13.5 22 10.29 -999.9 8.1 3.09 -999.9 412
"weatherFile_TEST" 2022 5 22 142 12 22 20.81 -999.9 0 2.15 -999.9 412
"weatherFile_TEST" 2022 5 23 143 13 26 23.22 -999.9 0 1.14 -999.9 412
"weatherFile_TEST" 2022 5 24 144 14 25.2 24.61 -999.9 0 5.56 -999.9 412
"weatherFile_TEST" 2022 5 25 145 14.6 26 25.03 -999.9 0 7.59 -999.9 412
"weatherFile_TEST" 2022 5 26 146 16.3 30 24.53 -999.9 0 2.82 -999.9 412
"weatherFile_TEST" 2022 5 27 147 13 27 19.51 -999.9 0 0.5 -999.9 412
"weatherFile_TEST" 2022 5 28 148 12 24 10.89 -999.9 5.9 1.21 -999.9 412
"weatherFile_TEST" 2022 5 29 149 15 23 22.46 -999.9 0.5 6.22 -999.9 412
"weatherFile_TEST" 2022 5 30 150 13 27 21.41 -999.9 0 2.85 -999.9 412
"weatherFile_TEST" 2022 5 31 151 14 28 22.77 -999.9 0.1 1.52 -999.9 412
"weatherFile_TEST" 2022 6 1 152 14.3 26.7 23.93 -999.9 0 2.21 -999.9 412
"weatherFile_TEST" 2022 6 2 153 15.1 23.6 20.95 -999.9 0.6 3.69 -999.9 412
"weatherFile_TEST" 2022 6 3 154 12.4 21 23.63 -999.9 0 7.38 -999.9 412
"weatherFile_TEST" 2022 6 4 155 14.9 25 24.45 -999.9 0 5.82 -999.9 412
"weatherFile_TEST" 2022 6 5 156 12.9 29.6 24.96 -999.9 0 1.59 -999.9 412
"weatherFile_TEST" 2022 6 6 157 14.2 30 23.23 -999.9 0 1.58 -999.9 412
"weatherFile_TEST" 2022 6 7 158 18.9 29.6 21.83 -999.9 1.2 1.83 -999.9 412
"weatherFile_TEST" 2022 6 8 159 16.9 30 24.56 -999.9 0 2.18 -999.9 412
"weatherFile_TEST" 2022 6 9 160 16.6 28 19.02 -999.9 0 3.08 -999.9 412
"weatherFile_TEST" 2022 6 10 161 16 24.9 11.68 -999.9 4.3 6.32 -999.9 412
"weatherFile_TEST" 2022 6 11 162 14.2 24.1 16.19 -999.9 5.9 2.2 -999.9 412
"weatherFile_TEST" 2022 6 12 163 12.4 21.2 21.07 -999.9 0.2 2.97 -999.9 412
"weatherFile_TEST" 2022 6 13 164 12.3 21.3 13.49 -999.9 0.3 2.07 -999.9 412
"weatherFile_TEST" 2022 6 14 165 14.1 22.8 20.86 -999.9 0 5.49 -999.9 412
"weatherFile_TEST" 2022 6 15 166 15.3 24.5 19.99 -999.9 1.8 5.82 -999.9 412
"weatherFile_TEST" 2022 6 16 167 17.8 29 24.61 -999.9 0 4.38 -999.9 412
"weatherFile_TEST" 2022 6 17 168 16.1 27.4 23.08 -999.9 0 4.59 -999.9 412
"weatherFile_TEST" 2022 6 18 169 17.9 29.6 24.47 -999.9 0 3.51 -999.9 412
"weatherFile_TEST" 2022 6 19 170 16.5 29.6 24 -999.9 0 2.23 -999.9 412
"weatherFile_TEST" 2022 6 20 171 17 29.9 23.65 -999.9 0 1.89 -999.9 412
"weatherFile_TEST" 2022 6 21 172 18.1 27.3 22.91 -999.9 0 2.06 -999.9 412
"weatherFile_TEST" 2022 6 22 173 16.9 20.4 9.5 -999.9 15.1 1.11 -999.9 412
"weatherFile_TEST" 2022 6 23 174 16 24 14.59 -999.9 4.4 2.58 -999.9 412
"weatherFile_TEST" 2022 6 24 175 16.6 24.3 25.39 -999.9 0 7.17 -999.9 412
"weatherFile_TEST" 2022 6 25 176 16.3 26.7 24.78 -999.9 0 5.69 -999.9 412
"weatherFile_TEST" 2022 6 26 177 17.3 27 26.28 -999.9 0 7.45 -999.9 412
"weatherFile_TEST" 2022 6 27 178 21.1 30.6 25.22 -999.9 0 7.22 -999.9 412
"weatherFile_TEST" 2022 6 28 179 21.5 30.5 24.71 -999.9 0 5.95 -999.9 412
"weatherFile_TEST" 2022 6 29 180 19 27.9 19.45 -999.9 3 2.31 -999.9 412
"weatherFile_TEST" 2022 6 30 181 17.4 28.7 22.65 -999.9 0 2.37 -999.9 412
"weatherFile_TEST" 2022 7 1 182 22.6 31.4 18.15 -999.9 0.4 5.06 -999.9 412
"weatherFile_TEST" 2022 7 2 183 20.1 31.2 21.39 -999.9 0.3 2.64 -999.9 412
"weatherFile_TEST" 2022 7 3 184 18 30 18.44 -999.9 2.8 2.5 -999.9 412
"weatherFile_TEST" 2022 7 4 185 21.6 32.5 22.9 -999.9 0.1 5.08 -999.9 412
"weatherFile_TEST" 2022 7 5 186 21.6 30.8 21.84 -999.9 0 3.29 -999.9 412
"weatherFile_TEST" 2022 7 6 187 21.4 28.6 12.28 -999.9 10.1 5.2 -999.9 412
"weatherFile_TEST" 2022 7 7 188 19.2 25.9 24.43 -999.9 0 8.74 -999.9 412
"weatherFile_TEST" 2022 7 8 189 17.1 26.1 25.18 -999.9 0 9.91 -999.9 412
"weatherFile_TEST" 2022 7 9 190 16.2 25.9 25.29 -999.9 0 8.2 -999.9 412
"weatherFile_TEST" 2022 7 10 191 18.7 28.9 25.1 -999.9 0 8.41 -999.9 412
"weatherFile_TEST" 2022 7 11 192 19.5 31.6 23.87 -999.9 0 5.98 -999.9 412
"weatherFile_TEST" 2022 7 12 193 20 27.2 19.37 -999.9 0.1 6.02 -999.9 412
"weatherFile_TEST" 2022 7 13 194 19.1 27.7 22 -999.9 0 9.72 -999.9 412
"weatherFile_TEST" 2022 7 14 195 17.4 25.4 23.77 -999.9 0 9.72 -999.9 412
"weatherFile_TEST" 2022 7 15 196 18.3 28.4 23.37 -999.9 0 6.56 -999.9 412
"weatherFile_TEST" 2022 7 16 197 16.4 31.6 23.85 -999.9 0 1.97 -999.9 412
"weatherFile_TEST" 2022 7 17 198 16 34.5 23.49 -999.9 0 2.53 -999.9 412
"weatherFile_TEST" 2022 7 18 199 21.7 25.6 20.65 -999.9 0.5 10.29 -999.9 412
"weatherFile_TEST" 2022 7 19 200 18.1 26 24.7 -999.9 0 12.59 -999.9 412
"weatherFile_TEST" 2022 7 20 201 17.2 26.2 24.62 -999.9 0 9.95 -999.9 412
"weatherFile_TEST" 2022 7 21 202 19.2 30.2 25.16 -999.9 0 5.85 -999.9 412
"weatherFile_TEST" 2022 7 22 203 17 31.8 24.9 -999.9 0 3.23 -999.9 412
"weatherFile_TEST" 2022 7 23 204 18.9 30 21.18 -999.9 0 4.09 -999.9 412
"weatherFile_TEST" 2022 7 24 205 18.6 26 24.25 -999.9 0 6.05 -999.9 412
"weatherFile_TEST" 2022 7 25 206 16.1 30.1 22.81 -999.9 0 3.45 -999.9 412
"weatherFile_TEST" 2022 7 26 207 18.3 30.1 18.7 -999.9 0 2.6 -999.9 412
"weatherFile_TEST" 2022 7 27 208 22 32.8 22.61 -999.9 0.1 3.65 -999.9 412
"weatherFile_TEST" 2022 7 28 209 19 34.3 22.8 -999.9 0 1.97 -999.9 412
"weatherFile_TEST" 2022 7 29 210 19 36.9 22.82 -999.9 0 2 -999.9 412
"weatherFile_TEST" 2022 7 30 211 20 35 23.03 -999.9 0 3.07 -999.9 412
"weatherFile_TEST" 2022 7 31 212 20.2 32 18.85 -999.9 1.4 3.54 -999.9 412
"weatherFile_TEST" 2022 8 1 213 19 27.6 20.84 -999.9 0 8.89 -999.9 412
"weatherFile_TEST" 2022 8 2 214 19 29.1 23.55 -999.9 0 8.77 -999.9 412
"weatherFile_TEST" 2022 8 3 215 20.3 33 23.34 -999.9 0 4.12 -999.9 412
"weatherFile_TEST" 2022 8 4 216 17.9 30 21.92 -999.9 0 5.6 -999.9 412
"weatherFile_TEST" 2022 8 5 217 17.4 24 24.15 -999.9 0 9.47 -999.9 412
"weatherFile_TEST" 2022 8 6 218 14.5 26.5 20.4 -999.9 3.2 4.69 -999.9 412
"weatherFile_TEST" 2022 8 7 219 15.5 27.8 18.42 -999.9 1.5 2.81 -999.9 412
"weatherFile_TEST" 2022 8 8 220 15.3 30.3 21.41 -999.9 0 3.25 -999.9 412
"weatherFile_TEST" 2022 8 9 221 17 30 18.49 -999.9 0.2 2.81 -999.9 412
"weatherFile_TEST" 2022 8 10 222 19.3 28 18.05 -999.9 0 5.16 -999.9 412
"weatherFile_TEST" 2022 8 11 223 16.8 32.8 19.69 -999.9 0 2.29 -999.9 412
"weatherFile_TEST" 2022 8 12 224 20.3 32.9 20.46 -999.9 0 4.03 -999.9 412
"weatherFile_TEST" 2022 8 13 225 21.1 35.8 21.67 -999.9 0 4.03 -999.9 412
"weatherFile_TEST" 2022 8 14 226 19.4 34.8 19.6 -999.9 0 1.94 -999.9 412
"weatherFile_TEST" 2022 8 15 227 20.8 35 19.31 -999.9 0 4.62 -999.9 412
"weatherFile_TEST" 2022 8 16 228 22.5 36 20.52 -999.9 0 5.67 -999.9 412
"weatherFile_TEST" 2022 8 17 229 20.6 31.8 18.18 -999.9 0 2.76 -999.9 412
"weatherFile_TEST" 2022 8 18 230 22.3 29.4 19 -999.9 0 8.23 -999.9 412
"weatherFile_TEST" 2022 8 19 231 21.8 31.8 19.82 -999.9 0 7.9 -999.9 412
"weatherFile_TEST" 2022 8 20 232 22.9 33.7 20.27 -999.9 0 3.85 -999.9 412
"weatherFile_TEST" 2022 8 21 233 19.3 34.7 20.01 -999.9 0 1.54 -999.9 412
"weatherFile_TEST" 2022 8 22 234 17.9 32 19.98 -999.9 0 1.91 -999.9 412
"weatherFile_TEST" 2022 8 23 235 20.5 26.3 10.51 -999.9 10.5 3.13 -999.9 412
"weatherFile_TEST" 2022 8 24 236 16.5 22.5 4.78 -999.9 35.3 1.55 -999.9 412
"weatherFile_TEST" 2022 8 25 237 15.2 22.7 14.76 -999.9 0 2.2 -999.9 412
"weatherFile_TEST" 2022 8 26 238 14.7 24.9 18.95 -999.9 2.2 2.35 -999.9 412
"weatherFile_TEST" 2022 8 27 239 16.1 25.2 7.41 -999.9 44.5 3.59 -999.9 412
"weatherFile_TEST" 2022 8 28 240 17.2 24 18.24 -999.9 0 7.45 -999.9 412
"weatherFile_TEST" 2022 8 29 241 15.2 27 18.49 -999.9 0 3.95 -999.9 412
"weatherFile_TEST" 2022 8 30 242 16 30.2 18.44 -999.9 0 1.63 -999.9 412
"weatherFile_TEST" 2022 8 31 243 16.2 28.2 17.95 -999.9 0 2.2 -999.9 412
"weatherFile_TEST" 2022 9 1 244 14.3 24.3 18.02 -999.9 0 10.48 -999.9 412
"weatherFile_TEST" 2022 9 2 245 12.3 25 18.5 -999.9 0 9.59 -999.9 412
"weatherFile_TEST" 2022 9 3 246 10.6 28.7 17.51 -999.9 0 3.99 -999.9 412
"weatherFile_TEST" 2022 9 4 247 9.9 29.4 17.16 -999.9 0 2.51 -999.9 412
"weatherFile_TEST" 2022 9 5 248 15 30.8 15.45 -999.9 0 1.73 -999.9 412
"weatherFile_TEST" 2022 9 6 249 12.9 31 15.22 -999.9 0 2.04 -999.9 412
"weatherFile_TEST" 2022 9 7 250 14.3 31.6 15.73 -999.9 0 1.67 -999.9 412
"weatherFile_TEST" 2022 9 8 251 18.2 30.3 11.65 -999.9 4.7 3.06 -999.9 412
"weatherFile_TEST" 2022 9 9 252 16.6 27.3 12.95 -999.9 4.7 2.39 -999.9 412
"weatherFile_TEST" 2022 9 10 253 16.7 27.1 13.98 -999.9 0 4.77 -999.9 412
"weatherFile_TEST" 2022 9 11 254 16 27.7 16.9 -999.9 0 6.8 -999.9 412
"weatherFile_TEST" 2022 9 12 255 14 24.8 16.73 -999.9 0 8.75 -999.9 412
"weatherFile_TEST" 2022 9 13 256 13.3 25.5 15.99 -999.9 0 7.15 -999.9 412
"weatherFile_TEST" 2022 9 14 257 11.5 28.2 14.65 -999.9 0 2.05 -999.9 412
"weatherFile_TEST" 2022 9 15 258 14.4 26.5 7.14 -999.9 1.6 1.94 -999.9 412
"weatherFile_TEST" 2022 9 16 259 13.6 27.7 14.36 -999.9 0 2.82 -999.9 412
"weatherFile_TEST" 2022 9 17 260 16.3 27 6.68 -999.9 4.2 3.03 -999.9 412
"weatherFile_TEST" 2022 9 18 261 17.4 26.7 9.81 -999.9 10.9 3.02 -999.9 412
"weatherFile_TEST" 2022 9 19 262 16.7 26.7 7.94 -999.9 11.5 2.33 -999.9 412
"weatherFile_TEST" 2022 9 20 263 15.3 26.9 8.73 -999.9 5.9 2.35 -999.9 412
"weatherFile_TEST" 2022 9 21 264 15.1 26.7 13.37 -999.9 0 2.4 -999.9 412
"weatherFile_TEST" 2022 9 22 265 13.7 20.7 15.1 -999.9 0 9.81 -999.9 412
"weatherFile_TEST" 2022 9 23 266 10.1 21.2 12.63 -999.9 0 4.86 -999.9 412
"weatherFile_TEST" 2022 9 24 267 11 17.5 2.66 -999.9 8.2 1.92 -999.9 412
"weatherFile_TEST" 2022 9 25 268 10.9 20.1 13.7 -999.9 0 7.61 -999.9 412
"weatherFile_TEST" 2022 9 26 269 8.4 23.4 14.16 -999.9 0 4.1 -999.9 412
"weatherFile_TEST" 2022 9 27 270 9 25.7 12.95 -999.9 0 1.78 -999.9 412
"weatherFile_TEST" 2022 9 28 271 9.4 26.5 13.65 -999.9 0 3.19 -999.9 412
"weatherFile_TEST" 2022 9 29 272 14 24.5 7.23 -999.9 0.5 1.46 -999.9 412
"weatherFile_TEST" 2022 9 30 273 11 21.8 5.35 -999.9 15.7 1.17 -999.9 412
"weatherFile_TEST" 2022 10 1 274 6.8 22.9 14.25 -999.9 0 1.35 -999.9 412
"weatherFile_TEST" 2022 10 2 275 7.6 21 11.06 -999.9 0 1.19 -999.9 412
"weatherFile_TEST" 2022 10 3 276 12.3 24.5 12.93 -999.9 0 1.73 -999.9 412
"weatherFile_TEST" 2022 10 4 277 12.3 23.1 9.64 -999.9 0 6.76 -999.9 412
"weatherFile_TEST" 2022 10 5 278 13.8 20.1 14.11 -999.9 0 10.4 -999.9 412
"weatherFile_TEST" 2022 10 6 279 13 20.6 13.39 -999.9 0 9.76 -999.9 412
"weatherFile_TEST" 2022 10 7 280 11.6 18.8 13.95 -999.9 0 7.6 -999.9 412
"weatherFile_TEST" 2022 10 8 281 5.9 20.5 11.74 -999.9 0 1.36 -999.9 412
"weatherFile_TEST" 2022 10 9 282 10.1 21.4 3.63 -999.9 12.4 4.45 -999.9 412
"weatherFile_TEST" 2022 10 10 283 14.1 17.8 2.35 -999.9 21 3.36 -999.9 412
"weatherFile_TEST" 2022 10 11 284 12.7 20.3 11.76 -999.9 0.2 6.92 -999.9 412
"weatherFile_TEST" 2022 10 12 285 13.3 19.5 10.39 -999.9 0 9.63 -999.9 412
"weatherFile_TEST" 2022 10 13 286 11 19.9 13.09 -999.9 0 5.87 -999.9 412
"weatherFile_TEST" 2022 10 14 287 8.8 22.8 11.75 -999.9 0 1.41 -999.9 412
"weatherFile_TEST" 2022 10 15 288 16.9 22.7 5.89 -999.9 2 3.24 -999.9 412
"weatherFile_TEST" 2022 10 16 289 18.9 22.3 6.16 -999.9 3.5 5.76 -999.9 412
"weatherFile_TEST" 2022 10 17 290 9.3 19.3 5.42 -999.9 10.9 2.63 -999.9 412
"weatherFile_TEST" 2022 10 18 291 6.4 18.2 8.99 -999.9 0.1 2.18 -999.9 412
"weatherFile_TEST" 2022 10 19 292 5.5 17.9 11.83 -999.9 0 3.25 -999.9 412
"weatherFile_TEST" 2022 10 20 293 3.8 16.1 8.26 -999.9 0.4 1.24 -999.9 412
"weatherFile_TEST" 2022 10 21 294 13.7 19.3 2.65 -999.9 17 3.65 -999.9 412
"weatherFile_TEST" 2022 10 22 295 12 23.8 9.71 -999.9 8.8 2.11 -999.9 412
"weatherFile_TEST" 2022 10 23 296 9.1 19.9 6.66 -999.9 2.9 2.41 -999.9 412
"weatherFile_TEST" 2022 10 24 297 5.8 16.4 9.57 -999.9 0.4 2.07 -999.9 412
"weatherFile_TEST" 2022 10 25 298 10.6 17.9 4.15 -999.9 0.5 1.02 -999.9 412
"weatherFile_TEST" 2022 10 26 299 8.7 20.6 10.8 -999.9 0 1.87 -999.9 412
"weatherFile_TEST" 2022 10 27 300 6.2 22.4 10.87 -999.9 0 1.84 -999.9 412
"weatherFile_TEST" 2022 10 28 301 10.2 16.7 11.23 -999.9 0 9.98 -999.9 412
"weatherFile_TEST" 2022 10 29 302 4.4 19.9 11.03 -999.9 0 1.62 -999.9 412
"weatherFile_TEST" 2022 10 30 303 10.6 19.4 6.51 -999.9 1.1 1.08 -999.9 412
"weatherFile_TEST" 2022 10 31 304 9 21.8 8.46 -999.9 0 2.46 -999.9 412
"weatherFile_TEST" 2022 11 1 305 8.2 19.2 8.56 -999.9 0 2.05 -999.9 412
"weatherFile_TEST" 2022 11 2 306 12 15.5 7.28 -999.9 0 6.47 -999.9 412
"weatherFile_TEST" 2022 11 3 307 9.2 16.6 7.91 -999.9 0 3.75 -999.9 412
"weatherFile_TEST" 2022 11 4 308 7.9 15.3 8.43 -999.9 0 2.92 -999.9 412
"weatherFile_TEST" 2022 11 5 309 3.9 16.5 9.11 -999.9 0 1.09 -999.9 412
"weatherFile_TEST" 2022 11 6 310 2.9 15.7 8.46 -999.9 0 0.39 -999.9 412
"weatherFile_TEST" 2022 11 7 311 2.5 15.4 8.31 -999.9 0 0.31 -999.9 412
"weatherFile_TEST" 2022 11 8 312 7 18.3 4.81 -999.9 0 0.55 -999.9 412
"weatherFile_TEST" 2022 11 9 313 10.4 13.2 1.48 -999.9 27.6 2.06 -999.9 412
"weatherFile_TEST" 2022 11 10 314 11.2 15.9 6.1 -999.9 9.5 5.29 -999.9 412
"weatherFile_TEST" 2022 11 11 315 6.1 15.3 7.4 -999.9 0 6.28 -999.9 412
"weatherFile_TEST" 2022 11 12 316 4.9 13.6 5.02 -999.9 0.1 2.05 -999.9 412
"weatherFile_TEST" 2022 11 13 317 9.8 16.1 2.33 -999.9 3.8 3.52 -999.9 412
"weatherFile_TEST" 2022 11 14 318 5.2 12.8 7.83 -999.9 0 4.45 -999.9 412
"weatherFile_TEST" 2022 11 15 319 6.8 12.3 7.93 -999.9 0 6.39 -999.9 412
"weatherFile_TEST" 2022 11 16 320 7.6 14.8 5.95 -999.9 0.8 2.12 -999.9 412
"weatherFile_TEST" 2022 11 17 321 8.6 15.6 7.49 -999.9 0 9.75 -999.9 412
"weatherFile_TEST" 2022 11 18 322 6.9 13.5 7.26 -999.9 0 11.75 -999.9 412
"weatherFile_TEST" 2022 11 19 323 4.5 12.6 5.55 -999.9 0 2.48 -999.9 412
"weatherFile_TEST" 2022 11 20 324 5.1 12.1 6.19 -999.9 0 7.42 -999.9 412
"weatherFile_TEST" 2022 11 21 325 7.2 11.3 6.77 -999.9 0 10.14 -999.9 412
"weatherFile_TEST" 2022 11 22 326 3.8 9.1 3.45 -999.9 0.7 6.91 -999.9 412
"weatherFile_TEST" 2022 11 23 327 1.2 6.3 0.83 -999.9 30.7 3.56 -999.9 412
"weatherFile_TEST" 2022 11 24 328 3.6 7.6 1.22 -999.9 16 7.11 -999.9 412
"weatherFile_TEST" 2022 11 25 329 2.1 7.5 3.09 -999.9 6.8 2.02 -999.9 412
"weatherFile_TEST" 2022 11 26 330 4.4 7.5 4.02 -999.9 1.5 3.48 -999.9 412
"weatherFile_TEST" 2022 11 27 331 3.7 8.7 6.27 -999.9 0 7.76 -999.9 412
"weatherFile_TEST" 2022 11 28 332 4.3 8.2 6.05 -999.9 0 8.45 -999.9 412
"weatherFile_TEST" 2022 11 29 333 3.2 7 5.99 -999.9 0 8.98 -999.9 412
"weatherFile_TEST" 2022 11 30 334 2.6 7.2 6.11 -999.9 0 9.95 -999.9 412
"weatherFile_TEST" 2022 12 1 335 3.5 6.6 5.48 -999.9 0 12.74 -999.9 412
"weatherFile_TEST" 2022 12 2 336 1.2 6.4 5.89 -999.9 0 9.52 -999.9 412
"weatherFile_TEST" 2022 12 3 337 1 8.8 5.64 -999.9 0 8.15 -999.9 412
"weatherFile_TEST" 2022 12 4 338 1.4 10 5.49 -999.9 0 3.82 -999.9 412
"weatherFile_TEST" 2022 12 5 339 3.2 12.2 5.1 -999.9 2.4 2.57 -999.9 412
"weatherFile_TEST" 2022 12 6 340 2.2 10.2 5.42 -999.9 0 1.04 -999.9 412
"weatherFile_TEST" 2022 12 7 341 0.3 6.2 6.26 -999.9 0 7.19 -999.9 412
"weatherFile_TEST" 2022 12 8 342 -2.6 1.9 0.94 -999.9 2.6 1.56 -999.9 412
"weatherFile_TEST" 2022 12 9 343 -1.9 6.8 6.01 -999.9 0.4 7.63 -999.9 412
"weatherFile_TEST" 2022 12 10 344 1.2 6.3 6.24 -999.9 0 10.72 -999.9 412
"weatherFile_TEST" 2022 12 11 345 1.1 8.7 4.98 -999.9 0 7.02 -999.9 412
"weatherFile_TEST" 2022 12 12 346 0.1 5.7 5.84 -999.9 0 10.02 -999.9 412
"weatherFile_TEST" 2022 12 13 347 -2 6.1 5.33 -999.9 0 4.73 -999.9 412
"weatherFile_TEST" 2022 12 14 348 2.9 9.7 1.19 -999.9 4.9 6.44 -999.9 412
"weatherFile_TEST" 2022 12 15 349 8.5 13.4 0.93 -999.9 6 8.55 -999.9 412
"weatherFile_TEST" 2022 12 16 350 5.8 15.7 4.37 -999.9 2.6 2.39 -999.9 412
"weatherFile_TEST" 2022 12 17 351 5.7 14.5 4.8 -999.9 1.2 1.12 -999.9 412
"weatherFile_TEST" 2022 12 18 352 5.1 14.6 4.65 -999.9 0.9 1.47 -999.9 412
"weatherFile_TEST" 2022 12 19 353 3.2 12.3 5.33 -999.9 0 2.01 -999.9 412
"weatherFile_TEST" 2022 12 20 354 2 9.7 5.11 -999.9 0 3.57 -999.9 412
"weatherFile_TEST" 2022 12 21 355 2 11.4 0.56 -999.9 4.8 1.6 -999.9 412
"weatherFile_TEST" 2022 12 22 356 3.1 7.9 3.12 -999.9 0 1.9 -999.9 412
"weatherFile_TEST" 2022 12 23 357 5.6 10.7 2.52 -999.9 0 3.47 -999.9 412
"weatherFile_TEST" 2022 12 24 358 3.8 14.9 5.51 -999.9 0 0.67 -999.9 412
"weatherFile_TEST" 2022 12 25 359 3.5 13.3 2.22 -999.9 1.5 1.21 -999.9 412
"weatherFile_TEST" 2022 12 26 360 8 14.9 1.84 -999.9 1 1.96 -999.9 412
"weatherFile_TEST" 2022 12 27 361 4.9 13.7 5.54 -999.9 0.9 3.37 -999.9 412
"weatherFile_TEST" 2022 12 28 362 3.9 11.9 2.47 -999.9 0.7 2.48 -999.9 412
"weatherFile_TEST" 2022 12 29 363 6.2 12.9 4.97 -999.9 0 6.32 -999.9 412
"weatherFile_TEST" 2022 12 30 364 1.3 15.9 5.76 -999.9 0.1 1.68 -999.9 412
"weatherFile_TEST" 2022 12 31 365 3 13.6 5.47 -999.9 0.1 2.18 -999.9 412
"weatherFile_TEST" 2023 1 1 1 6.3 12.5 2.32 -999.9 11.4 4.19 -999.9 412
"weatherFile_TEST" 2023 1 2 2 6 11 2.03 -999.9 2.3 0.93 -999.9 412
"weatherFile_TEST" 2023 1 3 3 3.3 12 3.35 -999.9 0.1 1.38 -999.9 412
"weatherFile_TEST" 2023 1 4 4 6 17 5.5 -999.9 0 3.3 -999.9 412
"weatherFile_TEST" 2023 1 5 5 3 15 5.96 -999.9 0 1.14 -999.9 412
"weatherFile_TEST" 2023 1 6 6 1.9 12 5.37 -999.9 0 0.48 -999.9 412
"weatherFile_TEST" 2023 1 7 7 4 13 3.73 -999.9 0.1 0.54 -999.9 412
"weatherFile_TEST" 2023 1 8 8 4.8 12 3.61 -999.9 0.4 1.34 -999.9 412
"weatherFile_TEST" 2023 1 9 9 1.6 10.5 5.64 -999.9 0 3.02 -999.9 412
"weatherFile_TEST" 2023 1 10 10 2.5 5.4 0.77 -999.9 38.9 3.39 -999.9 412
"weatherFile_TEST" 2023 1 11 11 0.5 4 2.76 -999.9 5 2.02 -999.9 412
"weatherFile_TEST" 2023 1 12 12 -1.1 4 6.08 -999.9 0 3.09 -999.9 412
"weatherFile_TEST" 2023 1 13 13 -1.2 7 5.85 -999.9 1.9 3.17 -999.9 412
"weatherFile_TEST" 2023 1 14 14 1.1 11 4.49 -999.9 0.3 3.58 -999.9 412
"weatherFile_TEST" 2023 1 15 15 1.7 12.5 6.59 -999.9 0 2.07 -999.9 412
"weatherFile_TEST" 2023 1 16 16 2.5 13 3.3 -999.9 0.9 2.52 -999.9 412
"weatherFile_TEST" 2023 1 17 17 10 12 1.01 -999.9 22 6.99 -999.9 412
"weatherFile_TEST" 2023 1 18 18 7 10 1.65 -999.9 7.5 3.09 -999.9 412
"weatherFile_TEST" 2023 1 19 19 2.3 12.4 6.63 -999.9 0 1.91 -999.9 412
"weatherFile_TEST" 2023 1 20 20 0.6 13.4 6.78 -999.9 0 0.76 -999.9 412
"weatherFile_TEST" 2023 1 21 21 0 12.1 6.03 -999.9 0 0.64 -999.9 412
"weatherFile_TEST" 2023 1 22 22 0.7 13 6.23 -999.9 0 0.43 -999.9 412
"weatherFile_TEST" 2023 1 23 23 0.2 11.1 6.65 -999.9 0 0.5 -999.9 412
"weatherFile_TEST" 2023 1 24 24 1.6 12.7 5.66 -999.9 0 0.83 -999.9 412
"weatherFile_TEST" 2023 1 25 25 -2.2 15.4 7.37 -999.9 0 1.54 -999.9 412
"weatherFile_TEST" 2023 1 26 26 1.7 10.5 5.3 -999.9 0.8 1.97 -999.9 412
"weatherFile_TEST" 2023 1 27 27 2.7 9 5.65 -999.9 1.1 4.6 -999.9 412
"weatherFile_TEST" 2023 1 28 28 3 10.3 4.15 -999.9 2.8 2.86 -999.9 412
"weatherFile_TEST" 2023 1 29 29 3 10 7.07 -999.9 0.2 9.07 -999.9 412
"weatherFile_TEST" 2023 1 30 30 -0.5 4.3 8.25 -999.9 0 13.14 -999.9 412
"weatherFile_TEST" 2023 1 31 31 -2.3 3 8.34 -999.9 0 10.18 -999.9 412
"weatherFile_TEST" 2023 2 1 32 0 11.1 7.6 -999.9 0 2.93 -999.9 412
"weatherFile_TEST" 2023 2 2 33 -3.9 12.4 7.98 -999.9 0 1.01 -999.9 412
"weatherFile_TEST" 2023 2 3 34 -1.9 13.2 7.57 -999.9 0 3.98 -999.9 412
"weatherFile_TEST" 2023 2 4 35 6.9 11.5 6.69 -999.9 0 8.28 -999.9 412
"weatherFile_TEST" 2023 2 5 36 8.8 11.9 5.06 -999.9 0 11.28 -999.9 412
"weatherFile_TEST" 2023 2 6 37 5.8 12.2 8.08 -999.9 0 12.93 -999.9 412
"weatherFile_TEST" 2023 2 7 38 1.6 14.6 7.68 -999.9 0 3.95 -999.9 412
"weatherFile_TEST" 2023 2 8 39 -1.4 13.3 7.77 -999.9 0 1.32 -999.9 412
"weatherFile_TEST" 2023 2 9 40 5.4 12.2 2.42 -999.9 0.7 2.4 -999.9 412
"weatherFile_TEST" 2023 2 10 41 3.2 13.1 8.31 -999.9 0.2 2.7 -999.9 412
"weatherFile_TEST" 2023 2 11 42 1.5 12.5 6.54 -999.9 0 0.82 -999.9 412
"weatherFile_TEST" 2023 2 12 43 3.2 15 7.03 -999.9 0.1 1.04 -999.9 412
"weatherFile_TEST" 2023 2 13 44 5 11.5 1.36 -999.9 22.7 3.4 -999.9 412
"weatherFile_TEST" 2023 2 14 45 4.3 10.7 8.05 -999.9 0 7.33 -999.9 412
"weatherFile_TEST" 2023 2 15 46 0.2 13.5 8.35 -999.9 0.2 1.19 -999.9 412
"weatherFile_TEST" 2023 2 16 47 4.9 11.6 7.78 -999.9 0 5.75 -999.9 412
"weatherFile_TEST" 2023 2 17 48 1.9 8 9.88 -999.9 0 8.63 -999.9 412
"weatherFile_TEST" 2023 2 18 49 0.1 4.9 9.52 -999.9 0 10.14 -999.9 412
"weatherFile_TEST" 2023 2 19 50 -1.8 7.1 10.24 -999.9 0 4.75 -999.9 412
"weatherFile_TEST" 2023 2 20 51 -2.4 6.6 10.29 -999.9 0 6.29 -999.9 412
"weatherFile_TEST" 2023 2 21 52 -0.9 7 9.59 -999.9 0 6.02 -999.9 412
"weatherFile_TEST" 2023 2 22 53 0.3 10.7 10.21 -999.9 0 5.82 -999.9 412
"weatherFile_TEST" 2023 2 23 54 1.2 14.6 10.14 -999.9 0 4.72 -999.9 412
"weatherFile_TEST" 2023 2 24 55 -0.8 13.7 9.86 -999.9 0 1.41 -999.9 412
"weatherFile_TEST" 2023 2 25 56 6.1 12 2.77 -999.9 3.4 1.58 -999.9 412
"weatherFile_TEST" 2023 2 26 57 4.8 11.9 4.29 -999.9 2.7 2.4 -999.9 412
"weatherFile_TEST" 2023 2 27 58 3.3 12.9 7.93 -999.9 2.1 1.41 -999.9 412
"weatherFile_TEST" 2023 2 28 59 2.5 16.8 10.83 -999.9 0 1.14 -999.9 412
"weatherFile_TEST" 2023 3 1 60 1.2 17.4 11.39 -999.9 0 0.95 -999.9 412
"weatherFile_TEST" 2023 3 2 61 2.7 15 11.13 -999.9 0 1.8 -999.9 412
"weatherFile_TEST" 2023 3 3 62 4.3 13.3 7.16 -999.9 0 1.06 -999.9 412
"weatherFile_TEST" 2023 3 4 63 5.4 18 11.89 -999.9 0 4.08 -999.9 412
"weatherFile_TEST" 2023 3 5 64 2.5 18.6 12.01 -999.9 0 1.06 -999.9 412
"weatherFile_TEST" 2023 3 6 65 8.4 10.1 1.95 -999.9 14.6 1.69 -999.9 412
"weatherFile_TEST" 2023 3 7 66 8.5 13.8 8.88 -999.9 0.5 7.07 -999.9 412
"weatherFile_TEST" 2023 3 8 67 6.4 18.8 12.24 -999.9 0 4.07 -999.9 412
"weatherFile_TEST" 2023 3 9 68 5.1 16.6 8.27 -999.9 1.9 1.76 -999.9 412
"weatherFile_TEST" 2023 3 10 69 5.7 15.8 7.46 -999.9 1.9 2.23 -999.9 412
"weatherFile_TEST" 2023 3 11 70 3.8 15.8 10.49 -999.9 0.4 1.68 -999.9 412
"weatherFile_TEST" 2023 3 12 71 5.5 14.6 12.23 -999.9 0 6.15 -999.9 412
"weatherFile_TEST" 2023 3 13 72 3.9 15.3 13.11 -999.9 0 5.49 -999.9 412
"weatherFile_TEST" 2023 3 14 73 4.3 15.1 8.38 -999.9 0 1.3 -999.9 412
"weatherFile_TEST" 2023 3 15 74 7 16.3 8.24 -999.9 0.2 5.13 -999.9 412
"weatherFile_TEST" 2023 3 16 75 9.5 17.9 9.65 -999.9 0 6.77 -999.9 412
"weatherFile_TEST" 2023 3 17 76 8.3 16.2 12.66 -999.9 0 11.42 -999.9 412
"weatherFile_TEST" 2023 3 18 77 5.8 19.2 13.71 -999.9 0 5.72 -999.9 412
"weatherFile_TEST" 2023 3 19 78 3.1 17.1 11.48 -999.9 0 1.33 -999.9 412
"weatherFile_TEST" 2023 3 20 79 5.2 19.5 12.5 -999.9 0 6 -999.9 412
"weatherFile_TEST" 2023 3 21 80 9.4 18.9 12.79 -999.9 0 8.45 -999.9 412
"weatherFile_TEST" 2023 3 22 81 11 22.9 13.56 -999.9 0 7.98 -999.9 412
"weatherFile_TEST" 2023 3 23 82 8.7 19.8 13.44 -999.9 0 5.74 -999.9 412
"weatherFile_TEST" 2023 3 24 83 5.3 16.2 6.47 -999.9 3.7 3.39 -999.9 412
"weatherFile_TEST" 2023 3 25 84 3.3 10.3 15.5 -999.9 0.6 5.07 -999.9 412
"weatherFile_TEST" 2023 3 26 85 2 10.9 16.13 -999.9 0.2 5.7 -999.9 412
"weatherFile_TEST" 2023 3 27 86 2.7 10.1 9.92 -999.9 3.7 3.29 -999.9 412
"weatherFile_TEST" 2023 3 28 87 4.4 9.1 14.15 -999.9 1 9.01 -999.9 412
"weatherFile_TEST" 2023 3 29 88 5.9 9.7 15.49 -999.9 0 9.77 -999.9 412
"weatherFile_TEST" 2023 3 30 89 5 15.1 13.9 -999.9 0 5.1 -999.9 412
"weatherFile_TEST" 2023 3 31 90 2.8 14.9 14.16 -999.9 2.2 5.59 -999.9 412
"weatherFile_TEST" 2023 4 1 91 6.9 21.2 17.12 -999.9 0 3.31 -999.9 412
"weatherFile_TEST" 2023 4 2 92 7.8 20 17.25 -999.9 0 3.6 -999.9 412
"weatherFile_TEST" 2023 4 3 93 6 19.6 13.46 -999.9 0 2.55 -999.9 412
"weatherFile_TEST" 2023 4 4 94 3.4 19.1 13.95 -999.9 0.1 2.05 -999.9 412
"weatherFile_TEST" 2023 4 5 95 4.2 20.6 17 -999.9 0 1.73 -999.9 412
"weatherFile_TEST" 2023 4 6 96 5.3 19.7 14.88 -999.9 0 2.65 -999.9 412
"weatherFile_TEST" 2023 4 7 97 8.8 16.6 9.33 -999.9 0.2 3.69 -999.9 412
"weatherFile_TEST" 2023 4 8 98 7.7 15.9 10.1 -999.9 9.9 3.35 -999.9 412
"weatherFile_TEST" 2023 4 9 99 4.7 8.2 13.82 -999.9 0.9 13.36 -999.9 412
"weatherFile_TEST" 2023 4 10 100 5 13.3 17.65 -999.9 0.1 16.27 -999.9 412
"weatherFile_TEST" 2023 4 11 101 8.1 15.5 16.57 -999.9 0 13.45 -999.9 412
"weatherFile_TEST" 2023 4 12 102 8.8 17.4 17.24 -999.9 0 9.29 -999.9 412
"weatherFile_TEST" 2023 4 13 103 8.6 19.7 13.02 -999.9 0 6.12 -999.9 412
"weatherFile_TEST" 2023 4 14 104 4.6 20.9 19.52 -999.9 0 2.87 -999.9 412
"weatherFile_TEST" 2023 4 15 105 5.1 13.8 3.86 -999.9 42.7 4.85 -999.9 412
"weatherFile_TEST" 2023 4 16 106 3.4 7.7 5.87 -999.9 28.2 3.06 -999.9 412
"weatherFile_TEST" 2023 4 17 107 4.5 9 9.12 -999.9 8.7 4.72 -999.9 412
"weatherFile_TEST" 2023 4 18 108 5.6 19.3 10.58 -999.9 2.3 4.05 -999.9 412
"weatherFile_TEST" 2023 4 19 109 7.2 17.3 18.03 -999.9 2.1 4.24 -999.9 412
"weatherFile_TEST" 2023 4 20 110 4.6 15.5 18.75 -999.9 0.3 5.78 -999.9 412
"weatherFile_TEST" 2023 4 21 111 9.1 17.7 19.62 -999.9 0 9.97 -999.9 412
"weatherFile_TEST" 2023 4 22 112 6.2 20.3 18.56 -999.9 0 3.29 -999.9 412
"weatherFile_TEST" 2023 4 23 113 10.7 16.5 9.15 -999.9 1.6 2.51 -999.9 412
"weatherFile_TEST" 2023 4 24 114 9.9 16.4 9.62 -999.9 10.3 2.04 -999.9 412
"weatherFile_TEST" 2023 4 25 115 7.9 19.9 16.91 -999.9 7.1 2.06 -999.9 412
"weatherFile_TEST" 2023 4 26 116 6.5 23.9 21.23 -999.9 0 2.87 -999.9 412
"weatherFile_TEST" 2023 4 27 117 7.5 24.9 21.08 -999.9 0 1.59 -999.9 412
"weatherFile_TEST" 2023 4 28 118 11.2 28.3 20.82 -999.9 0 1.69 -999.9 412
"weatherFile_TEST" 2023 4 29 119 10.8 30.5 21.49 -999.9 0 3.04 -999.9 412
"weatherFile_TEST" 2023 4 30 120 11.1 26.8 21.78 -999.9 0 2.06 -999.9 412
"weatherFile_TEST" 2023 5 1 121 10.4 23 20.75 -999.9 0 2.92 -999.9 412
"weatherFile_TEST" 2023 5 2 122 13 22 10.37 -999.9 2.1 1.06 -999.9 412
"weatherFile_TEST" 2023 5 3 123 12 24 14.71 -999.9 0.3 1.4 -999.9 412
"weatherFile_TEST" 2023 5 4 124 12 25 13.18 -999.9 2.2 2.63 -999.9 412
"weatherFile_TEST" 2023 5 5 125 16.3 24 8.74 -999.9 5.4 1.79 -999.9 412
"weatherFile_TEST" 2023 5 6 126 13.7 23 16.37 -999.9 0.8 5.12 -999.9 412
"weatherFile_TEST" 2023 5 7 127 7.8 17.7 15.03 -999.9 3 0.18 -999.9 412
"weatherFile_TEST" 2023 5 8 128 5.9 17.8 19.99 -999.9 0.5 4.45 -999.9 412
"weatherFile_TEST" 2023 5 9 129 10 17 21.69 -999.9 0 8.04 -999.9 412
"weatherFile_TEST" 2023 5 10 130 10.3 24 24.33 -999.9 0 2.68 -999.9 412
"weatherFile_TEST" 2023 5 11 131 12 18 15.26 -999.9 0.5 7.44 -999.9 412
"weatherFile_TEST" 2023 5 12 132 10.7 20 23.79 -999.9 0 7.62 -999.9 412
"weatherFile_TEST" 2023 5 13 133 9 23 23.62 -999.9 0 1.91 -999.9 412
"weatherFile_TEST" 2023 5 14 134 8.2 22 23.57 -999.9 0 1.84 -999.9 412
"weatherFile_TEST" 2023 5 15 135 8.3 21 23.93 -999.9 0 0.53 -999.9 412
"weatherFile_TEST" 2023 5 16 136 10 22 23.62 -999.9 0 1.08 -999.9 412
"weatherFile_TEST" 2023 5 17 137 13.7 20 7.28 -999.9 0.1 2.86 -999.9 412
"weatherFile_TEST" 2023 5 18 138 11 22 11.37 -999.9 0.5 2.26 -999.9 412
"weatherFile_TEST" 2023 5 19 139 12 16 6.7 -999.9 17.7 0.7 -999.9 412
"weatherFile_TEST" 2023 5 20 140 12.5 22 9.88 -999.9 0.2 6.58 -999.9 412
"weatherFile_TEST" 2023 5 21 141 13.5 22 10.29 -999.9 8.1 3.09 -999.9 412
"weatherFile_TEST" 2023 5 22 142 12 22 20.81 -999.9 0 2.15 -999.9 412
"weatherFile_TEST" 2023 5 23 143 13 26 23.22 -999.9 0 1.14 -999.9 412
"weatherFile_TEST" 2023 5 24 144 14 25.2 24.61 -999.9 0 5.56 -999.9 412
"weatherFile_TEST" 2023 5 25 145 14.6 26 25.03 -999.9 0 7.59 -999.9 412
"weatherFile_TEST" 2023 5 26 146 16.3 30 24.53 -999.9 0 2.82 -999.9 412
"weatherFile_TEST" 2023 5 27 147 13 27 19.51 -999.9 0 0.5 -999.9 412
"weatherFile_TEST" 2023 5 28 148 12 24 10.89 -999.9 5.9 1.21 -999.9 412
"weatherFile_TEST" 2023 5 29 149 15 23 22.46 -999.9 0.5 6.22 -999.9 412
"weatherFile_TEST" 2023 5 30 150 13 27 21.41 -999.9 0 2.85 -999.9 412
"weatherFile_TEST" 2023 5 31 151 14 28 22.77 -999.9 0.1 1.52 -999.9 412
"weatherFile_TEST" 2023 6 1 152 14.3 26.7 23.93 -999.9 0 2.21 -999.9 412
"weatherFile_TEST" 2023 6 2 153 15.1 23.6 20.95 -999.9 0.6 3.69 -999.9 412
"weatherFile_TEST" 2023 6 3 154 12.4 21 23.63 -999.9 0 7.38 -999.9 412
"weatherFile_TEST" 2023 6 4 155 14.9 25 24.45 -999.9 0 5.82 -999.9 412
"weatherFile_TEST" 2023 6 5 156 12.9 29.6 24.96 -999.9 0 1.59 -999.9 412
"weatherFile_TEST" 2023 6 6 157 14.2 30 23.23 -999.9 0 1.58 -999.9 412
"weatherFile_TEST" 2023 6 7 158 18.9 29.6 21.83 -999.9 1.2 1.83 -999.9 412
"weatherFile_TEST" 2023 6 8 159 16.9 30 24.56 -999.9 0 2.18 -999.9 412
"weatherFile_TEST" 2023 6 9 160 16.6 28 19.02 -999.9 0 3.08 -999.9 412
"weatherFile_TEST" 2023 6 10 161 16 24.9 11.68 -999.9 4.3 6.32 -999.9 412
"weatherFile_TEST" 2023 6 11 162 14.2 24.1 16.19 -999.9 5.9 2.2 -999.9 412
"weatherFile_TEST" 2023 6 12 163 12.4 21.2 21.07 -999.9 0.2 2.97 -999.9 412
"weatherFile_TEST" 2023 6 13 164 12.3 21.3 13.49 -999.9 0.3 2.07 -999.9 412
"weatherFile_TEST" 2023 6 14 165 14.1 22.8 20.86 -999.9 0 5.49 -999.9 412
"weatherFile_TEST" 2023 6 15 166 15.3 24.5 19.99 -999.9 1.8 5.82 -999.9 412
"weatherFile_TEST" 2023 6 16 167 17.8 29 24.61 -999.9 0 4.38 -999.9 412
"weatherFile_TEST" 2023 6 17 168 16.1 27.4 23.08 -999.9 0 4.59 -999.9 412
"weatherFile_TEST" 2023 6 18 169 17.9 29.6 24.47 -999.9 0 3.51 -999.9 412
"weatherFile_TEST" 2023 6 19 170 16.5 29.6 24 -999.9 0 2.23 -999.9 412
"weatherFile_TEST" 2023 6 20 171 17 29.9 23.65 -999.9 0 1.89 -999.9 412
"weatherFile_TEST" 2023 6 21 172 18.1 27.3 22.91 -999.9 0 2.06 -999.9 412
"weatherFile_TEST" 2023 6 22 173 16.9 20.4 9.5 -999.9 15.1 1.11 -999.9 412
"weatherFile_TEST" 2023 6 23 174 16 24 14.59 -999.9 4.4 2.58 -999.9 412
"weatherFile_TEST" 2023 6 24 175 16.6 24.3 25.39 -999.9 0 7.17 -999.9 412
"weatherFile_TEST" 2023 6 25 176 16.3 26.7 24.78 -999.9 0 5.69 -999.9 412
"weatherFile_TEST" 2023 6 26 177 17.3 27 26.28 -999.9 0 7.45 -999.9 412
"weatherFile_TEST" 2023 6 27 178 21.1 30.6 25.22 -999.9 0 7.22 -999.9 412
"weatherFile_TEST" 2023 6 28 179 21.5 30.5 24.71 -999.9 0 5.95 -999.9 412
"weatherFile_TEST" 2023 6 29 180 19 27.9 19.45 -999.9 3 2.31 -999.9 412
"weatherFile_TEST" 2023 6 30 181 17.4 28.7 22.65 -999.9 0 2.37 -999.9 412
"weatherFile_TEST" 2023 7 1 182 22.6 31.4 18.15 -999.9 0.4 5.06 -999.9 412
"weatherFile_TEST" 2023 7 2 183 20.1 31.2 21.39 -999.9 0.3 2.64 -999.9 412
"weatherFile_TEST" 2023 7 3 184 18 30 18.44 -999.9 2.8 2.5 -999.9 412
"weatherFile_TEST" 2023 7 4 185 21.6 32.5 22.9 -999.9 0.1 5.08 -999.9 412
"weatherFile_TEST" 2023 7 5 186 21.6 30.8 21.84 -999.9 0 3.29 -999.9 412
"weatherFile_TEST" 2023 7 6 187 21.4 28.6 12.28 -999.9 10.1 5.2 -999.9 412
"weatherFile_TEST" 2023 7 7 188 19.2 25.9 24.43 -999.9 0 8.74 -999.9 412
"weatherFile_TEST" 2023 7 8 189 17.1 26.1 25.18 -999.9 0 9.91 -999.9 412
"weatherFile_TEST" 2023 7 9 190 16.2 25.9 25.29 -999.9 0 8.2 -999.9 412
"weatherFile_TEST" 2023 7 10 191 18.7 28.9 25.1 -999.9 0 8.41 -999.9 412
"weatherFile_TEST" 2023 7 11 192 19.5 31.6 23.87 -999.9 0 5.98 -999.9 412
"weatherFile_TEST" 2023 7 12 193 20 27.2 19.37 -999.9 0.1 6.02 -999.9 412
"weatherFile_TEST" 2023 7 13 194 19.1 27.7 22 -999.9 0 9.72 -999.9 412
"weatherFile_TEST" 2023 7 14 195 17.4 25.4 23.77 -999.9 0 9.72 -999.9 412
"weatherFile_TEST" 2023 7 15 196 18.3 28.4 23.37 -999.9 0 6.56 -999.9 412
"weatherFile_TEST" 2023 7 16 197 16.4 31.6 23.85 -999.9 0 1.97 -999.9 412
"weatherFile_TEST" 2023 7 17 198 16 34.5 23.49 -999.9 0 2.53 -999.9 412
"weatherFile_TEST" 2023 7 18 199 21.7 25.6 20.65 -999.9 0.5 10.29 -999.9 412
"weatherFile_TEST" 2023 7 19 200 18.1 26 24.7 -999.9 0 12.59 -999.9 412
"weatherFile_TEST" 2023 7 20 201 17.2 26.2 24.62 -999.9 0 9.95 -999.9 412
"weatherFile_TEST" 2023 7 21 202 19.2 30.2 25.16 -999.9 0 5.85 -999.9 412
"weatherFile_TEST" 2023 7 22 203 17 31.8 24.9 -999.9 0 3.23 -999.9 412
"weatherFile_TEST" 2023 7 23 204 18.9 30 21.18 -999.9 0 4.09 -999.9 412
"weatherFile_TEST" 2023 7 24 205 18.6 26 24.25 -999.9 0 6.05 -999.9 412
"weatherFile_TEST" 2023 7 25 206 16.1 30.1 22.81 -999.9 0 3.45 -999.9 412
"weatherFile_TEST" 2023 7 26 207 18.3 30.1 18.7 -999.9 0 2.6 -999.9 412
"weatherFile_TEST" 2023 7 27 208 22 32.8 22.61 -999.9 0.1 3.65 -999.9 412
"weatherFile_TEST" 2023 7 28 209 19 34.3 22.8 -999.9 0 1.97 -999.9 412
"weatherFile_TEST" 2023 7 29 210 19 36.9 22.82 -999.9 0 2 -999.9 412
"weatherFile_TEST" 2023 7 30 211 20 35 23.03 -999.9 0 3.07 -999.9 412
"weatherFile_TEST" 2023 7 31 212 20.2 32 18.85 -999.9 1.4 3.54 -999.9 412
"weatherFile_TEST" 2023 8 1 213 19 27.6 20.84 -999.9 0 8.89 -999.9 412
"weatherFile_TEST" 2023 8 2 214 19 29.1 23.55 -999.9 0 8.77 -999.9 412
"weatherFile_TEST" 2023 8 3 215 20.3 33 23.34 -999.9 0 4.12 -999.9 412
"weatherFile_TEST" 2023 8 4 216 17.9 30 21.92 -999.9 0 5.6 -999.9 412
"weatherFile_TEST" 2023 8 5 217 17.4 24 24.15 -999.9 0 9.47 -999.9 412
"weatherFile_TEST" 2023 8 6 218 14.5 26.5 20.4 -999.9 3.2 4.69 -999.9 412
"weatherFile_TEST" 2023 8 7 219 15.5 27.8 18.42 -999.9 1.5 2.81 -999.9 412
"weatherFile_TEST" 2023 8 8 220 15.3 30.3 21.41 -999.9 0 3.25 -999.9 412
"weatherFile_TEST" 2023 8 9 221 17 30 18.49 -999.9 0.2 2.81 -999.9 412
"weatherFile_TEST" 2023 8 10 222 19.3 28 18.05 -999.9 0 5.16 -999.9 412
"weatherFile_TEST" 2023 8 11 223 16.8 32.8 19.69 -999.9 0 2.29 -999.9 412
"weatherFile_TEST" 2023 8 12 224 20.3 32.9 20.46 -999.9 0 4.03 -999.9 412
"weatherFile_TEST" 2023 8 13 225 21.1 35.8 21.67 -999.9 0 4.03 -999.9 412
"weatherFile_TEST" 2023 8 14 226 19.4 34.8 19.6 -999.9 0 1.94 -999.9 412
"weatherFile_TEST" 2023 8 15 227 20.8 35 19.31 -999.9 0 4.62 -999.9 412
"weatherFile_TEST" 2023 8 16 228 22.5 36 20.52 -999.9 0 5.67 -999.9 412
"weatherFile_TEST" 2023 8 17 229 20.6 31.8 18.18 -999.9 0 2.76 -999.9 412
"weatherFile_TEST" 2023 8 18 230 22.3 29.4 19 -999.9 0 8.23 -999.9 412
"weatherFile_TEST" 2023 8 19 231 21.8 31.8 19.82 -999.9 0 7.9 -999.9 412
"weatherFile_TEST" 2023 8 20 232 22.9 33.7 20.27 -999.9 0 3.85 -999.9 412
"weatherFile_TEST" 2023 8 21 233 19.3 34.7 20.01 -999.9 0 1.54 -999.9 412
"weatherFile_TEST" 2023 8 22 234 17.9 32 19.98 -999.9 0 1.91 -999.9 412
"weatherFile_TEST" 2023 8 23 235 20.5 26.3 10.51 -999.9 10.5 3.13 -999.9 412
"weatherFile_TEST" 2023 8 24 236 16.5 22.5 4.78 -999.9 35.3 1.55 -999.9 412
"weatherFile_TEST" 2023 8 25 237 15.2 22.7 14.76 -999.9 0 2.2 -999.9 412
"weatherFile_TEST" 2023 8 26 238 14.7 24.9 18.95 -999.9 2.2 2.35 -999.9 412
"weatherFile_TEST" 2023 8 27 239 16.1 25.2 7.41 -999.9 44.5 3.59 -999.9 412
"weatherFile_TEST" 2023 8 28 240 17.2 24 18.24 -999.9 0 7.45 -999.9 412
"weatherFile_TEST" 2023 8 29 241 15.2 27 18.49 -999.9 0 3.95 -999.9 412
"weatherFile_TEST" 2023 8 30 242 16 30.2 18.44 -999.9 0 1.63 -999.9 412
"weatherFile_TEST" 2023 8 31 243 16.2 28.2 17.95 -999.9 0 2.2 -999.9 412
"weatherFile_TEST" 2023 9 1 244 14.3 24.3 18.02 -999.9 0 10.48 -999.9 412
"weatherFile_TEST" 2023 9 2 245 12.3 25 18.5 -999.9 0 9.59 -999.9 412
"weatherFile_TEST" 2023 9 3 246 10.6 28.7 17.51 -999.9 0 3.99 -999.9 412
"weatherFile_TEST" 2023 9 4 247 9.9 29.4 17.16 -999.9 0 2.51 -999.9 412
"weatherFile_TEST" 2023 9 5 248 15 30.8 15.45 -999.9 0 1.73 -999.9 412
"weatherFile_TEST" 2023 9 6 249 12.9 31 15.22 -999.9 0 2.04 -999.9 412
"weatherFile_TEST" 2023 9 7 250 14.3 31.6 15.73 -999.9 0 1.67 -999.9 412
"weatherFile_TEST" 2023 9 8 251 18.2 30.3 11.65 -999.9 4.7 3.06 -999.9 412
"weatherFile_TEST" 2023 9 9 252 16.6 27.3 12.95 -999.9 4.7 2.39 -999.9 412
"weatherFile_TEST" 2023 9 10 253 16.7 27.1 13.98 -999.9 0 4.77 -999.9 412
"weatherFile_TEST" 2023 9 11 254 16 27.7 16.9 -999.9 0 6.8 -999.9 412
"weatherFile_TEST" 2023 9 12 255 14 24.8 16.73 -999.9 0 8.75 -999.9 412
"weatherFile_TEST" 2023 9 13 256 13.3 25.5 15.99 -999.9 0 7.15 -999.9 412
"weatherFile_TEST" 2023 9 14 257 11.5 28.2 14.65 -999.9 0 2.05 -999.9 412
"weatherFile_TEST" 2023 9 15 258 14.4 26.5 7.14 -999.9 1.6 1.94 -999.9 412
"weatherFile_TEST" 2023 9 16 259 13.6 27.7 14.36 -999.9 0 2.82 -999.9 412
"weatherFile_TEST" 2023 9 17 260 16.3 27 6.68 -999.9 4.2 3.03 -999.9 412
"weatherFile_TEST" 2023 9 18 261 17.4 26.7 9.81 -999.9 10.9 3.02 -999.9 412
"weatherFile_TEST" 2023 9 19 262 16.7 26.7 7.94 -999.9 11.5 2.33 -999.9 412
"weatherFile_TEST" 2023 9 20 263 15.3 26.9 8.73 -999.9 5.9 2.35 -999.9 412
"weatherFile_TEST" 2023 9 21 264 15.1 26.7 13.37 -999.9 0 2.4 -999.9 412
"weatherFile_TEST" 2023 9 22 265 13.7 20.7 15.1 -999.9 0 9.81 -999.9 412
"weatherFile_TEST" 2023 9 23 266 10.1 21.2 12.63 -999.9 0 4.86 -999.9 412
"weatherFile_TEST" 2023 9 24 267 11 17.5 2.66 -999.9 8.2 1.92 -999.9 412
"weatherFile_TEST" 2023 9 25 268 10.9 20.1 13.7 -999.9 0 7.61 -999.9 412
"weatherFile_TEST" 2023 9 26 269 8.4 23.4 14.16 -999.9 0 4.1 -999.9 412
"weatherFile_TEST" 2023 9 27 270 9 25.7 12.95 -999.9 0 1.78 -999.9 412
"weatherFile_TEST" 2023 9 28 271 9.4 26.5 13.65 -999.9 0 3.19 -999.9 412
"weatherFile_TEST" 2023 9 29 272 14 24.5 7.23 -999.9 0.5 1.46 -999.9 412
"weatherFile_TEST" 2023 9 30 273 11 21.8 5.35 -999.9 15.7 1.17 -999.9 412
"weatherFile_TEST" 2023 10 1 274 6.8 22.9 14.25 -999.9 0 1.35 -999.9 412
"weatherFile_TEST" 2023 10 2 275 7.6 21 11.06 -999.9 0 1.19 -999.9 412
"weatherFile_TEST" 2023 10 3 276 12.3 24.5 12.93 -999.9 0 1.73 -999.9 412
"weatherFile_TEST" 2023 10 4 277 12.3 23.1 9.64 -999.9 0 6.76 -999.9 412
"weatherFile_TEST" 2023 10 5 278 13.8 20.1 14.11 -999.9 0 10.4 -999.9 412
"weatherFile_TEST" 2023 10 6 279 13 20.6 13.39 -999.9 0 9.76 -999.9 412
"weatherFile_TEST" 2023 10 7 280 11.6 18.8 13.95 -999.9 0 7.6 -999.9 412
"weatherFile_TEST" 2023 10 8 281 5.9 20.5 11.74 -999.9 0 1.36 -999.9 412
"weatherFile_TEST" 2023 10 9 282 10.1 21.4 3.63 -999.9 12.4 4.45 -999.9 412
"weatherFile_TEST" 2023 10 10 283 14.1 17.8 2.35 -999.9 21 3.36 -999.9 412
"weatherFile_TEST" 2023 10 11 284 12.7 20.3 11.76 -999.9 0.2 6.92 -999.9 412
"weatherFile_TEST" 2023 10 12 285 13.3 19.5 10.39 -999.9 0 9.63 -999.9 412
"weatherFile_TEST" 2023 10 13 286 11 19.9 13.09 -999.9 0 5.87 -999.9 412
"weatherFile_TEST" 2023 10 14 287 8.8 22.8 11.75 -999.9 0 1.41 -999.9 412
"weatherFile_TEST" 2023 10 15 288 16.9 22.7 5.89 -999.9 2 3.24 -999.9 412
"weatherFile_TEST" 2023 10 16 289 18.9 22.3 6.16 -999.9 3.5 5.76 -999.9 412
"weatherFile_TEST" 2023 10 17 290 9.3 19.3 5.42 -999.9 10.9 2.63 -999.9 412
"weatherFile_TEST" 2023 10 18 291 6.4 18.2 8.99 -999.9 0.1 2.18 -999.9 412
"weatherFile_TEST" 2023 10 19 292 5.5 17.9 11.83 -999.9 0 3.25 -999.9 412
"weatherFile_TEST" 2023 10 20 293 3.8 16.1 8.26 -999.9 0.4 1.24 -999.9 412
"weatherFile_TEST" 2023 10 21 294 13.7 19.3 2.65 -999.9 17 3.65 -999.9 412
"weatherFile_TEST" 2023 10 22 295 12 23.8 9.71 -999.9 8.8 2.11 -999.9 412
"weatherFile_TEST" 2023 10 23 296 9.1 19.9 6.66 -999.9 2.9 2.41 -999.9 412
"weatherFile_TEST" 2023 10 24 297 5.8 16.4 9.57 -999.9 0.4 2.07 -999.9 412
"weatherFile_TEST" 2023 10 25 298 10.6 17.9 4.15 -999.9 0.5 1.02 -999.9 412
"weatherFile_TEST" 2023 10 26 299 8.7 20.6 10.8 -999.9 0 1.87 -999.9 412
"weatherFile_TEST" 2023 10 27 300 6.2 22.4 10.87 -999.9 0 1.84 -999.9 412
"weatherFile_TEST" 2023 10 28 301 10.2 16.7 11.23 -999.9 0 9.98 -999.9 412
"weatherFile_TEST" 2023 10 29 302 4.4 19.9 11.03 -999.9 0 1.62 -999.9 412
"weatherFile_TEST" 2023 10 30 303 10.6 19.4 6.51 -999.9 1.1 1.08 -999.9 412
"weatherFile_TEST" 2023 10 31 304 9 21.8 8.46 -999.9 0 2.46 -999.9 412
"weatherFile_TEST" 2023 11 1 305 8.2 19.2 8.56 -999.9 0 2.05 -999.9 412
"weatherFile_TEST" 2023 11 2 306 12 15.5 7.28 -999.9 0 6.47 -999.9 412
"weatherFile_TEST" 2023 11 3 307 9.2 16.6 7.91 -999.9 0 3.75 -999.9 412
"weatherFile_TEST" 2023 11 4 308 7.9 15.3 8.43 -999.9 0 2.92 -999.9 412
"weatherFile_TEST" 2023 11 5 309 3.9 16.5 9.11 -999.9 0 1.09 -999.9 412
"weatherFile_TEST" 2023 11 6 310 2.9 15.7 8.46 -999.9 0 0.39 -999.9 412
"weatherFile_TEST" 2023 11 7 311 2.5 15.4 8.31 -999.9 0 0.31 -999.9 412
"weatherFile_TEST" 2023 11 8 312 7 18.3 4.81 -999.9 0 0.55 -999.9 412
"weatherFile_TEST" 2023 11 9 313 10.4 13.2 1.48 -999.9 27.6 2.06 -999.9 412
"weatherFile_TEST" 2023 11 10 314 11.2 15.9 6.1 -999.9 9.5 5.29 -999.9 412
"weatherFile_TEST" 2023 11 11 315 6.1 15.3 7.4 -999.9 0 6.28 -999.9 412
"weatherFile_TEST" 2023 11 12 316 4.9 13.6 5.02 -999.9 0.1 2.05 -999.9 412
"weatherFile_TEST" 2023 11 13 317 9.8 16.1 2.33 -999.9 3.8 3.52 -999.9 412
"weatherFile_TEST" 2023 11 14 318 5.2 12.8 7.83 -999.9 0 4.45 -999.9 412
"weatherFile_TEST" 2023 11 15 319 6.8 12.3 7.93 -999.9 0 6.39 -999.9 412
"weatherFile_TEST" 2023 11 16 320 7.6 14.8 5.95 -999.9 0.8 2.12 -999.9 412
"weatherFile_TEST" 2023 11 17 321 8.6 15.6 7.49 -999.9 0 9.75 -999.9 412
"weatherFile_TEST" 2023 11 18 322 6.9 13.5 7.26 -999.9 0 11.75 -999.9 412
"weatherFile_TEST" 2023 11 19 323 4.5 12.6 5.55 -999.9 0 2.48 -999.9 412
"weatherFile_TEST" 2023 11 20 324 5.1 12.1 6.19 -999.9 0 7.42 -999.9 412
"weatherFile_TEST" 2023 11 21 325 7.2 11.3 6.77 -999.9 0 10.14 -999.9 412
"weatherFile_TEST" 2023 11 22 326 3.8 9.1 3.45 -999.9 0.7 6.91 -999.9 412
"weatherFile_TEST" 2023 11 23 327 1.2 6.3 0.83 -999.9 30.7 3.56 -999.9 412
"weatherFile_TEST" 2023 11 24 328 3.6 7.6 1.22 -999.9 16 7.11 -999.9 412
"weatherFile_TEST" 2023 11 25 329 2.1 7.5 3.09 -999.9 6.8 2.02 -999.9 412
"weatherFile_TEST" 2023 11 26 330 4.4 7.5 4.02 -999.9 1.5 3.48 -999.9 412
"weatherFile_TEST" 2023 11 27 331 3.7 8.7 6.27 -999.9 0 7.76 -999.9 412
"weatherFile_TEST" 2023 11 28 332 4.3 8.2 6.05 -999.9 0 8.45 -999.9 412
"weatherFile_TEST" 2023 11 29 333 3.2 7 5.99 -999.9 0 8.98 -999.9 412
"weatherFile_TEST" 2023 11 30 334 2.6 7.2 6.11 -999.9 0 9.95 -999.9 412
"weatherFile_TEST" 2023 12 1 335 3.5 6.6 5.48 -999.9 0 12.74 -999.9 412
"weatherFile_TEST" 2023 12 2 336 1.2 6.4 5.89 -999.9 0 9.52 -999.9 412
"weatherFile_TEST" 2023 12 3 337 1 8.8 5.64 -999.9 0 8.15 -999.9 412
"weatherFile_TEST" 2023 12 4 338 1.4 10 5.49 -999.9 0 3.82 -999.9 412
"weatherFile_TEST" 2023 12 5 339 3.2 12.2 5.1 -999.9 2.4 2.57 -999.9 412
"weatherFile_TEST" 2023 12 6 340 2.2 10.2 5.42 -999.9 0 1.04 -999.9 412
"weatherFile_TEST" 2023 12 7 341 0.3 6.2 6.26 -999.9 0 7.19 -999.9 412
"weatherFile_TEST" 2023 12 8 342 -2.6 1.9 0.94 -999.9 2.6 1.56 -999.9 412
"weatherFile_TEST" 2023 12 9 343 -1.9 6.8 6.01 -999.9 0.4 7.63 -999.9 412
"weatherFile_TEST" 2023 12 10 344 1.2 6.3 6.24 -999.9 0 10.72 -999.9 412
"weatherFile_TEST" 2023 12 11 345 1.1 8.7 4.98 -999.9 0 7.02 -999.9 412
"weatherFile_TEST" 2023 12 12 346 0.1 5.7 5.84 -999.9 0 10.02 -999.9 412
"weatherFile_TEST" 2023 12 13 347 -2 6.1 5.33 -999.9 0 4.73 -999.9 412
"weatherFile_TEST" 2023 12 14 348 2.9 9.7 1.19 -999.9 4.9 6.44 -999.9 412
"weatherFile_TEST" 2023 12 15 349 8.5 13.4 0.93 -999.9 6 8.55 -999.9 412
"weatherFile_TEST" 2023 12 16 350 5.8 15.7 4.37 -999.9 2.6 2.39 -999.9 412
"weatherFile_TEST" 2023 12 17 351 5.7 14.5 4.8 -999.9 1.2 1.12 -999.9 412
"weatherFile_TEST" 2023 12 18 352 5.1 14.6 4.65 -999.9 0.9 1.47 -999.9 412
"weatherFile_TEST" 2023 12 19 353 3.2 12.3 5.33 -999.9 0 2.01 -999.9 412
"weatherFile_TEST" 2023 12 20 354 2 9.7 5.11 -999.9 0 3.57 -999.9 412
"weatherFile_TEST" 2023 12 21 355 2 11.4 0.56 -999.9 4.8 1.6 -999.9 412
"weatherFile_TEST" 2023 12 22 356 3.1 7.9 3.12 -999.9 0 1.9 -999.9 412
"weatherFile_TEST" 2023 12 23 357 5.6 10.7 2.52 -999.9 0 3.47 -999.9 412
"weatherFile_TEST" 2023 12 24 358 3.8 14.9 5.51 -999.9 0 0.67 -999.9 412
"weatherFile_TEST" 2023 12 25 359 3.5 13.3 2.22 -999.9 1.5 1.21 -999.9 412
"weatherFile_TEST" 2023 12 26 360 8 14.9 1.84 -999.9 1 1.96 -999.9 412
"weatherFile_TEST" 2023 12 27 361 4.9 13.7 5.54 -999.9 0.9 3.37 -999.9 412
"weatherFile_TEST" 2023 12 28 362 3.9 11.9 2.47 -999.9 0.7 2.48 -999.9 412
"weatherFile_TEST" 2023 12 29 363 6.2 12.9 4.97 -999.9 0 6.32 -999.9 412
"weatherFile_TEST" 2023 12 30 364 1.3 15.9 5.76 -999.9 0.1 1.68 -999.9 412
"weatherFile_TEST" 2023 12 31 365 3 13.6 5.47 -999.9 0.1 2.18 -999.9 412
